 
 第一个线性方程组（全选主元）
 1.         1.00000002 0.99999984 1.00000017 0.99999977 1.00000023
 0.99999977 1.00000023 0.99999977 1.00000023 0.99999977 1.00000023
 0.99999977 1.00000023 0.99999977 1.00000023 0.99999977 1.00000023
 0.99999977 1.00000023 0.99999977 1.00000023 0.99999977 1.00000023
 0.99999977 1.00000023 0.99999977 1.00000023 0.99999977 1.00000023
 0.99999977 1.00000023 0.99999977 1.00000023 0.99999977 1.00000023
 0.99999977 1.00000023 0.99999977 1.00000023 0.99999977 1.00000023
 0.99999977 1.00000023 0.99999977 1.00000023 0.99999977 1.00000023
 0.99999977 1.00000023 0.99999977 1.00000023 0.99999977 1.00000023
 0.99999977 1.00000023 0.99999977 1.00000023 0.99999977 1.00000023
 0.99999977 1.00000023 0.99999977 1.00000023 0.99999977 1.00000023
 0.99999977 1.00000023 0.99999977 1.00000023 0.99999977 1.00000023
 0.99999977 1.00000023 0.99999977 1.00000023 0.99999977 1.00000023
 0.99999977 1.00000023 0.99999977 1.00000023 0.99999977 1.00000023
 0.99999977 1.00000023 0.99999977 1.00000023 0.99999977 1.00000023
 0.99999977 1.00000023 0.99999977 1.00000023 0.99999977 1.00000023
 0.99999977 1.00000023 0.99999978 1.00000013


 第一个线性方程组（部分选主元）
 1.         1.00000002 0.99999984 1.00000017 0.99999977 1.00000023
 0.99999977 1.00000023 0.99999977 1.00000023 0.99999977 1.00000023
 0.99999977 1.00000023 0.99999977 1.00000023 0.99999977 1.00000023
 0.99999977 1.00000023 0.99999977 1.00000023 0.99999977 1.00000023
 0.99999977 1.00000023 0.99999977 1.00000023 0.99999977 1.00000023
 0.99999977 1.00000023 0.99999977 1.00000023 0.99999977 1.00000023
 0.99999977 1.00000023 0.99999977 1.00000023 0.99999977 1.00000023
 0.99999977 1.00000023 0.99999977 1.00000023 0.99999977 1.00000023
 0.99999977 1.00000023 0.99999977 1.00000023 0.99999977 1.00000023
 0.99999977 1.00000023 0.99999977 1.00000023 0.99999977 1.00000023
 0.99999977 1.00000023 0.99999977 1.00000023 0.99999977 1.00000023
 0.99999977 1.00000023 0.99999977 1.00000023 0.99999977 1.00000023
 0.99999977 1.00000023 0.99999977 1.00000023 0.99999977 1.00000023
 0.99999977 1.00000023 0.99999977 1.00000023 0.99999977 1.00000023
 0.99999977 1.00000023 0.99999977 1.00000023 0.99999977 1.00000023
 0.99999977 1.00000023 0.99999977 1.00000023 0.99999977 1.00000023
 0.99999977 1.00000023 0.99999978 1.00000013


 第一个线性方程组（不选主元）
 1.         1.00000002 0.99999984 1.00000017 0.99999977 1.00000023
 0.99999977 1.00000023 0.99999977 1.00000023 0.99999977 1.00000023
 0.99999977 1.00000023 0.99999977 1.00000023 0.99999977 1.00000023
 0.99999977 1.00000023 0.99999977 1.00000023 0.99999977 1.00000023
 0.99999977 1.00000023 0.99999977 1.00000023 0.99999977 1.00000023
 0.99999977 1.00000023 0.99999977 1.00000023 0.99999977 1.00000023
 0.99999977 1.00000023 0.99999977 1.00000023 0.99999977 1.00000023
 0.99999977 1.00000023 0.99999977 1.00000023 0.99999977 1.00000023
 0.99999977 1.00000023 0.99999977 1.00000023 0.99999977 1.00000023
 0.99999977 1.00000023 0.99999977 1.00000023 0.99999977 1.00000023
 0.99999977 1.00000023 0.99999977 1.00000023 0.99999977 1.00000023
 0.99999977 1.00000023 0.99999977 1.00000023 0.99999977 1.00000023
 0.99999977 1.00000023 0.99999977 1.00000023 0.99999977 1.00000023
 0.99999977 1.00000023 0.99999977 1.00000023 0.99999977 1.00000023
 0.99999977 1.00000023 0.99999977 1.00000023 0.99999977 1.00000023
 0.99999977 1.00000023 0.99999977 1.00000023 0.99999977 1.00000023
 0.99999977 1.00000023 0.99999978 1.00000013


  第二个线性方程组（全选主元）
  1.00000003e+00  9.99999804e-01  1.00000044e+00  9.99999087e-01
  1.00000187e+00  9.99996225e-01  1.00000759e+00  9.99984785e-01
  1.00003046e+00  9.99939064e-01  1.00012179e+00  9.99756376e-01
  1.00048729e+00  9.99025385e-01  1.00194927e+00  9.96101419e-01
  1.00779720e+00  9.84405558e-01  1.03118892e+00  9.37622124e-01
  1.12475576e+00  7.50488549e-01  1.49902296e+00  1.95407867e-03
  2.99609184e+00 -2.99218369e+00  8.98436737e+00 -1.49687347e+01
  3.29374695e+01 -6.28749390e+01  1.28749878e+02 -2.54499756e+02
  5.11999512e+02 -1.02099902e+03  2.04499805e+03 -4.08699609e+03
  8.17699219e+03 -1.63509844e+04  3.27049688e+04 -6.54069375e+04
  1.30816875e+05 -2.61630750e+05  5.23264501e+05 -1.04652600e+06
  2.09305501e+06 -4.18610704e+06  8.37221716e+06 -1.67444316e+07
  3.34888665e+07 -6.69777300e+07  1.33955464e+08 -2.67910928e+08
  5.35821856e+08 -1.07164371e+09  2.14328742e+09 -4.28657485e+09
  8.57314970e+09 -1.71462994e+10  3.42925988e+10 -6.85851976e+10
  1.37170395e+11 -2.74340790e+11  5.48681581e+11 -1.09736316e+12
  2.19472632e+12 -4.38945264e+12  8.77890529e+12 -1.75578106e+13
  3.51156211e+13 -7.02312423e+13  1.40462484e+14 -2.80924969e+14
  5.61849936e+14 -1.12369987e+15  2.24739972e+15 -4.49479937e+15
  8.98959848e+15 -1.79791959e+16  3.59583875e+16 -7.19167578e+16
  1.43833447e+17 -2.87666620e+17  5.75332142e+17 -1.15065990e+18
  2.30130223e+18 -4.60253423e+18  9.20478754e+18 -1.84084514e+19
  3.68124080e+19 -7.36068367e+19  1.47141757e+20 -2.93995846e+20
  5.86841024e+20 -1.16907937e+21  2.31974805e+21 -4.56585330e+21
  8.83713542e+21 -1.64959861e+22  2.82788333e+22 -3.77051111e+22


  第二个线性方程组（部分选主元）
  1.00000003e+00  9.99999804e-01  1.00000044e+00  9.99999087e-01
  1.00000187e+00  9.99996225e-01  1.00000759e+00  9.99984785e-01
  1.00003046e+00  9.99939064e-01  1.00012179e+00  9.99756376e-01
  1.00048729e+00  9.99025385e-01  1.00194927e+00  9.96101419e-01
  1.00779720e+00  9.84405558e-01  1.03118892e+00  9.37622124e-01
  1.12475576e+00  7.50488549e-01  1.49902296e+00  1.95407867e-03
  2.99609184e+00 -2.99218369e+00  8.98436737e+00 -1.49687347e+01
  3.29374695e+01 -6.28749390e+01  1.28749878e+02 -2.54499756e+02
  5.11999512e+02 -1.02099902e+03  2.04499805e+03 -4.08699609e+03
  8.17699219e+03 -1.63509844e+04  3.27049688e+04 -6.54069375e+04
  1.30816875e+05 -2.61630750e+05  5.23264501e+05 -1.04652600e+06
  2.09305501e+06 -4.18610704e+06  8.37221716e+06 -1.67444316e+07
  3.34888665e+07 -6.69777300e+07  1.33955464e+08 -2.67910928e+08
  5.35821856e+08 -1.07164371e+09  2.14328742e+09 -4.28657485e+09
  8.57314970e+09 -1.71462994e+10  3.42925988e+10 -6.85851976e+10
  1.37170395e+11 -2.74340790e+11  5.48681581e+11 -1.09736316e+12
  2.19472632e+12 -4.38945264e+12  8.77890529e+12 -1.75578106e+13
  3.51156211e+13 -7.02312423e+13  1.40462484e+14 -2.80924969e+14
  5.61849936e+14 -1.12369987e+15  2.24739972e+15 -4.49479937e+15
  8.98959848e+15 -1.79791959e+16  3.59583875e+16 -7.19167578e+16
  1.43833447e+17 -2.87666620e+17  5.75332142e+17 -1.15065990e+18
  2.30130223e+18 -4.60253423e+18  9.20478754e+18 -1.84084514e+19
  3.68124080e+19 -7.36068367e+19  1.47141757e+20 -2.93995846e+20
  5.86841024e+20 -1.16907937e+21  2.31974805e+21 -4.56585330e+21
  8.83713542e+21 -1.64959861e+22  2.82788333e+22 -3.77051111e+22


  第二个线性方程组（不选主元）
  1.00000003e+00  9.99999804e-01  1.00000044e+00  9.99999087e-01
  1.00000187e+00  9.99996225e-01  1.00000759e+00  9.99984785e-01
  1.00003046e+00  9.99939064e-01  1.00012179e+00  9.99756376e-01
  1.00048729e+00  9.99025385e-01  1.00194927e+00  9.96101419e-01
  1.00779720e+00  9.84405558e-01  1.03118892e+00  9.37622124e-01
  1.12475576e+00  7.50488549e-01  1.49902296e+00  1.95407867e-03
  2.99609184e+00 -2.99218369e+00  8.98436737e+00 -1.49687347e+01
  3.29374695e+01 -6.28749390e+01  1.28749878e+02 -2.54499756e+02
  5.11999512e+02 -1.02099902e+03  2.04499805e+03 -4.08699609e+03
  8.17699219e+03 -1.63509844e+04  3.27049688e+04 -6.54069375e+04
  1.30816875e+05 -2.61630750e+05  5.23264501e+05 -1.04652600e+06
  2.09305501e+06 -4.18610704e+06  8.37221716e+06 -1.67444316e+07
  3.34888665e+07 -6.69777300e+07  1.33955464e+08 -2.67910928e+08
  5.35821856e+08 -1.07164371e+09  2.14328742e+09 -4.28657485e+09
  8.57314970e+09 -1.71462994e+10  3.42925988e+10 -6.85851976e+10
  1.37170395e+11 -2.74340790e+11  5.48681581e+11 -1.09736316e+12
  2.19472632e+12 -4.38945264e+12  8.77890529e+12 -1.75578106e+13
  3.51156211e+13 -7.02312423e+13  1.40462484e+14 -2.80924969e+14
  5.61849936e+14 -1.12369987e+15  2.24739972e+15 -4.49479937e+15
  8.98959848e+15 -1.79791959e+16  3.59583875e+16 -7.19167578e+16
  1.43833447e+17 -2.87666620e+17  5.75332142e+17 -1.15065990e+18
  2.30130223e+18 -4.60253423e+18  9.20478754e+18 -1.84084514e+19
  3.68124080e+19 -7.36068367e+19  1.47141757e+20 -2.93995846e+20
  5.86841024e+20 -1.16907937e+21  2.31974805e+21 -4.56585330e+21
  8.83713542e+21 -1.64959861e+22  2.82788333e+22 -3.77051111e+22